3
[82,42],[64,68],[14,35]
100

4
[50,14],[92,81],[44,7],[20,4]
18

5
[55,33],[25,23],[59,26],[67,76],[51,37]
60

6
[63,95],[81,58],[66,88],[38,75],[49,84],[12,55]
150

7
[25,13],[26,80],[1,58],[23,72],[27,92],[40,31],[23,93]
20

8
[29,55],[16,72],[49,87],[51,65],[1,26],[54,36],[50,19],[38,39]
150

9
[48,16],[3,83],[67,45],[11,81],[4,24],[5,39],[55,45],[48,84],[94,55]
100

10
[[1,20],[22,98],[17,1],[37,76],[68,9],[70,63],[86,8],[97,79],[81,100],[54,64]]
50

11
[58,93],[28,37],[42,57],[80,99],[2,47],[61,71],[35,16],[88,62],[12,95],[99,31],[44,47]
75

12
[64,22],[88,28],[4,10],[5,12],[58,51],[65,60],[77,41],[4,70],[12,77],[60,13],[75,41],[54,85]
500